40174
47821
32652
61947
1901
24956
28800
21238
27721
12458
32230
17244
15320
2177
42802
58390
34625
7309
44085
22970
30354
42239
34812
24218
30863
2673
21623
33742
28348
1611
22328
16734
14960
65248
31095
15661
21385
11711
45579
57242
1228
34050
23974
17167
44549
30064
19478
18917
62860
38906
32708
37851
11234
16619
35397
45732
43300
24321
54467
19280
36580
62584
28911
22984
56959
28653
44495
830
5579
12235
13983
58874
44745
20511
2164
40735
46289
20758
53316
62361
46808
14341
65063
12037
23834
5621
63139
35884
52517
45471
42960
58534
25510
51099
30781
11049
33944
34491
4361
60293
53681
49212
9747
61236
51608
38884
50731
21379
2440
16294
19689
39224
23585
41246
8041
9030
46135
30057
30725
1273
50898
42496
43666
5712
23979
24354
11640
55560
47155
47811
64554
32951
32286
39347
28535
17969
20658
9288
49156
20677
61670
35967
4447
53458
3325
21824
6285
11528
519
26110
23117
18604
29131
8939
15195
15237
19740
14643
634
17956
33601
43039
49363
13605
41331
11232
21448
48641
24429
45452
19425
1673
119
3457
6427
32542
2195
14947
1556
26070
38086
57190
4983
47007
35147
29925
60330
29492
12668
52862
57101
61847
8608
5761
2635
45059
33449
57245
36241
20801
6580
9065
42128
22281
39150
5983
48788
16674
11159
16876
41870
26140
58291
14051
43464
8904
13149
45545
57075
30726
65156
16139
25170
3321
63897
24863
35721
58279
61295
52216
38295
6777
31171
14661
36637
29598
38270
750
11056
20174
64325
45347
36893
28652
4015
15575
30452
41115
45341
56853
22122
41313
54779
53266
8494
19325
22872
49066
31294
27853
5950
23627
33926
9601
33507
17250
27927
8764
45111
50043
1070
22179
46426
35487
40962
8891
47318
35670
51272
31469
46060
20828
59853
36201
13966
47816
25010
59930
31081
61504
22240
47830
64376
26442
4507
39395
22812
22804
15323
60407
7006
3610
54413
53845
58637
39101
47913
14376
43285
34233
56279
46549
55212
56893
60715
62466
40882
52278
54150
28840
17453
49753
33202
33037
62593
14103
11848
48699
48634
36847
224
46213
53194
37369
46071
21611
64777
39184
51376
51643
54217
35119
47778
44940
49660
14703
33715
8916
10867
22019
50515
44037
25176
703
7374
61673
52181
595
48870
21659
29245
46075
8957
15038
4151
49586
43693
20191
30314
2259
10096
40871
10841
52818
28609
22869
26224
8857
57210
41546
38744
61521
22316
24884
3179
18555
47921
15691
60199
22066
61529
53227
64666
232
12472
545
41384
44445
21105
53959
62642
4699
13196
2191
50634
31666
7311
35160
61387
52733
11847
33685
20789
35971
10745
14721
8490
8907
23748
59079
8313
61833
43708
57934
21872
23610
37773
9555
14526
28451
13419
51439
61129
7051
22774
47685
58719
26991
27092
58760
52792
3889
45917
55216
58635
22810
3040
26532
285
10257
14182
20701
30518
37094
41229
58496
63367
36995
45110
37284
39950
42254
25626
9089
23794
30018
13051
15243
16947
5576
54764
59269
27271
50379
36418
53087
28382
63103
8627
34272
44802
26055
52469
8259
42572
11163
32211
38459
54725
2444
62459
11149
64386
32988
55098
34980
60358
43985
14543
22235
14286
19112
24566
31100
65125
1305
44688
1075
31635
31962
3409
11560
46413
45425
52827
57892
37702
8662
44237
47002
46571
37263
20214
23607
64687
58641
64174
63005
13361
63594
30482
5665
16836
62531
4089
44043
4502
35788
29878
27275
57285
53983
37147
50494
20638
23181
19348
31841
27239
56238
16791
64373
28752
36710
39777
34809
64558
5258
1130
56821
30824
21395
54880
51075
20043
43163
56337
1313
7216
59568
32712
27799
930
54695
12374
3545
24382
48518
45243
59092
52161
22843
31575
53963
38039
17851
29148
60891
1017
29388
33376
15383
26087
43163
28372
35615
26075
24606
27288
59362
52692
61277
10312
44632
9157
53628
19608
57537
38297
14247
4114
44434
36179
13218
25957
37151
62316
37693
60093
28698
63170
54619
42597
9462
23654
43526
26778
59858
10175
57134
12624
38281
31208
59364
10224
64167
1809
52140
16435
44281
30645
64525
14606
48173
37407
36650
5368
27098
36158
46032
52307
50599
28754
58887
53024
19753
47575
50947
59764
62708
39864
20668
29071
18247
10448
137
61050
55598
43400
7517
62875
10969
38830
18839
7262
61941
13898
32333
974
50863
26104
33472
42550
38058
56027
5695
52721
2579
43873
49631
36674
28445
55442
37329
37220
57641
52781
32877
9067
19828
23590
57183
31702
51511
39216
33242
64763
65340
53293
21965
2004
30461
48572
48627
22926
62982
14682
41830
27099
19331
852
26484
63378
32234
65471
44584
20935
48632
9233
15174
54496
16087
55740
42748
6112
21378
31218
41234
60970
2967
50808
29119
26581
14382
11930
51739
36443
57816
9965
11299
40815
3669
37929
59292
54311
25784
3567
3514
25024
5145
43834
50703
54098
2453
53452
5067
21273
20714
40750
38675
7818
42271
47943
60326
36129
5918
12111
30694
38341
1276
35628
22193
7607
51219
36987
20132
3201
51309
176
54101
52879
29556
20560
60601
47720
47303
25180
44673
34478
40063
10266
320
28706
30900
19516
49535
53812
10871
31483
18997
14688
32651
33669
2102
32796
19355
28668
40892
27754
64564
53506
60458
53465
56402
13850
59613
9911
26984
5593
39111
25601
46676
1383
50548
56674
21312
59291
60883
61031
9752
56796
48457
63354
3169
408
44304
50517
42687
55672
4205
24448
55108
49906
20576
30420
61247
9405
55664
39062
22101
49642
36358
64024
19873
21943
3583
11062
60406
13923
61645
32404
18294
59145
3828
11363
4510
40588
4649
33615
30947
4548
58629
14780
37792
35382
62631
43883
46574
7665
64371
33762
3409
59982
46397
47103
33763
34581
9868
26632
63384
39784
19015
10946
6907
65325
2004
43190
6694
9068
20297
22548
17063
28612
28173
36095
13783
50120
60619
6763
34076
38462
9126
3272
19714
4787
50131
60476
26880
48502
47648
47059
1205
18285
25824
59602
39531
25659
17784
13478
14372
18049
17001
6075
11906
21849
42685
2971
64969
17531
16194
29104
30573
54069
63802
61842
3065
34451
61799
16687
12395
65068
61951
60706
41198
25150
29197
56356
9285
35376
34207
32839
53391
7596
7172
14156
53864
11621
62568
30685
24682
48282
59843
32586
338
61100
29059
8560
10417
5644
15523
46724
40769
41060
62889
28453
18232
51403
46889
21058
52263
